timestamp,target_yaw_angle,current_yaw_angle,frequency
1747156799276336,60094,112401,0.100085
1747156799372336,60245,108204,0.100214
1747156799473336,60452,104048,0.100349
1747156799573336,60657,99960,0.100483
1747156799674336,60823,95806,0.100619
1747156799773336,61023,91775,0.100752
1747156799874336,61183,87614,0.100888
1747156799973336,61374,83568,0.101022
1747156800072336,61391,79492,0.104129
1747156800172336,61391,75414,0.104129
1747156800272336,61391,71292,0.104129
1747156800372336,61391,67219,0.104129
1747156800472336,61391,63102,0.104129
1747156800572336,61391,61459,0.104129
1747156800672336,61391,61416,0.104129
1747156800772336,61391,61391,0.104129
1747156800872336,61391,61390,0.104129
1747156800972336,61391,61390,0.10413
1747156801072336,61391,61389,0.10413
1747156801172336,61391,61390,0.10413
1747156801272336,61391,61390,0.10413
1747156801372336,61391,61390,0.10413
1747156801472336,61391,61390,0.10413
1747156801572336,61391,61390,0.10413
1747156801672336,61391,61390,0.10413
1747156801772336,61391,61390,0.10413
1747156801872336,61391,61390,0.10413
1747156801972336,61391,61391,0.10413
1747156802072336,61391,61391,0.10413
1747156802172336,61391,61390,0.104131
1747156802273336,62732,61885,0.104174
1747156802373336,62651,62657,0.104314
1747156802473336,62538,62567,0.104453
1747156802573336,62435,62467,0.104593
1747156802673336,62295,62325,0.104733
1747156802773336,62157,62183,0.104873
1747156802873336,62023,62035,0.105013
1747156802973336,61849,61875,0.105153
1747156803073336,61698,61751,0.105294
1747156803173336,61504,61547,0.105435
1747156803273336,61338,61382,0.105576
1747156803373336,61127,61161,0.105717
1747156803473336,60929,60987,0.105858
1747156803573336,60747,60811,0.106
1747156803673336,60519,60550,0.106142
1747156803773336,60330,60387,0.106283
1747156803873336,60097,60150,0.106426
1747156803973336,59884,59983,0.106568
1747156804073336,59671,59692,0.10671
1747156804173336,59458,59537,0.106853
1747156804273336,59269,59298,0.106996
1747156804373336,59042,59116,0.107139
1747156804473336,58860,58870,0.107282
1747156804573336,58643,58699,0.107426
1747156804672336,58491,58510,0.107568
1747156804773336,58289,58348,0.107713
1747156804873336,58097,58143,0.107857
1747156804973336,57949,57967,0.108001
1747156805073336,57780,57793,0.108146
1747156805173336,57651,57707,0.10829
1747156805273336,57508,57547,0.108435
1747156805372336,57403,57417,0.108577
1747156805473336,57299,57325,0.108725
1747156805573336,57202,57199,0.10887
1747156805673336,57136,57158,0.109015
1747156805773336,57072,57079,0.109161
1747156805872336,57042,57043,0.109305
1747156805973336,57009,57020,0.109453
1747156806072336,57000,56993,0.109598
1747156806173336,57007,56994,0.109746
1747156806273336,57035,57001,0.109893
1747156806373336,57074,57050,0.110039
1747156806473336,57139,57126,0.110187
1747156806573336,57208,57185,0.110334
1747156806673336,57310,57318,0.110481
1747156806772336,57407,57384,0.110627
1747156806874336,57530,57508,0.110779
1747156806974336,57683,57648,0.110928
1747156807072336,57804,57770,0.111074
1747156807172336,57969,57940,0.11122
1747156807272336,58145,58111,0.111369
1747156807373336,58314,58289,0.111521
1747156807474336,58533,58485,0.11167
1747156807574336,58741,58688,0.111819
1747156807674336,58979,58931,0.111969
1747156807774336,59203,59164,0.112119
1747156807874336,59456,59404,0.112268
1747156807974336,59643,59628,0.112419
1747156808074336,59926,59896,0.112569
1747156808172336,60140,60091,0.112717
1747156808274336,60377,60304,0.11287
1747156808374336,60636,60573,0.113021
1747156808474336,60844,60830,0.113172
1747156808574336,61094,61035,0.113323
1747156808674336,61293,61251,0.113475
1747156808774336,61527,61479,0.113627
1747156808874336,61729,61691,0.113779
1747156808974336,61903,61865,0.113931
1747156809074336,62102,62042,0.114083
1747156809174336,62252,62238,0.114236
1747156809274336,62420,62383,0.114388
1747156809374336,62544,62503,0.114541
1747156809474336,62677,62649,0.114694
1747156809572336,62769,62746,0.114845
1747156809674336,62854,62827,0.115001
1747156809774336,62926,62914,0.115155
1747156809874336,62967,62959,0.115309
1747156809974336,62995,63008,0.115463
1747156810074336,62999,63007,0.115618
1747156810174336,62981,63004,0.115772
1747156810274336,62943,62957,0.115927
1747156810374336,62892,62913,0.116082
1747156810474336,62806,62825,0.116237
1747156810574336,62718,62753,0.116393
1747156810674336,62588,62618,0.116548
1747156810774336,62451,62487,0.116704
1747156810874336,62296,62326,0.11686
1747156810974336,62124,62149,0.117017
1747156811074336,61936,61986,0.117173
1747156811174336,61734,61804,0.11733
1747156811274336,61540,61594,0.117486
1747156811374336,61291,61347,0.117644
1747156811474336,61078,61120,0.117801
1747156811574336,60808,60883,0.117958
1747156811672336,60606,60566,0.118113
1747156811774336,60324,60391,0.118274
1747156811874336,60038,60089,0.118432
1747156811974336,59803,59861,0.11859
1747156812074336,59517,59592,0.118749
1747156812174336,59285,59350,0.118908
1747156812274336,59008,59092,0.119067
1747156812374336,58763,58804,0.119226
1747156812474336,58527,58594,0.119386
1747156812574336,58302,58354,0.119545
1747156812674336,58111,58160,0.119705
1747156812774336,57892,57924,0.119865
1747156812874336,57728,57778,0.120025
1747156812974336,57547,57584,0.120186
1747156813072336,57430,57445,0.120343
1747156813174336,57290,57318,0.120507
1747156813274336,57176,57192,0.120668
1747156813374336,57103,57120,0.12083
1747156813474336,57040,57037,0.120991
1747156813574336,57010,57020,0.121153
1747156813674336,57000,56997,0.121315
1747156813772336,57014,56998,0.121474
1747156813874336,57054,57017,0.12164
1747156813974336,57126,57113,0.121803
1747156814074336,57207,57182,0.121965
1747156814174336,57331,57334,0.122128
1747156814274336,57440,57433,0.122292
1747156814374336,57628,57604,0.122455
1747156814474336,57808,57754,0.122619
1747156814574336,57987,57947,0.122783
1747156814674336,58225,58204,0.122947
1747156814774336,58434,58387,0.123111
1747156814874336,58705,58655,0.123277
1747156814974336,58964,58901,0.123441
1747156815074336,59233,59187,0.123606
1747156815174336,59509,59449,0.123771
1747156815274336,59762,59668,0.123937
1747156815374336,60074,60041,0.124102
1747156815474336,60330,60258,0.124268
1747156815574336,60639,60562,0.124434
1747156815672336,60861,60891,0.124597
1747156815774336,61158,61067,0.124767
1747156815873336,61442,61389,0.124933
1747156815974336,61664,61655,0.125101
1747156816074336,61919,61867,0.125268
1747156816174336,62111,62037,0.125436
1747156816274336,62326,62298,0.125604
1747156816372336,62482,62470,0.125768
1747156816474336,62634,62615,0.12594
1747156816574336,62772,62749,0.126108
1747156816673336,62862,62831,0.126275
1747156816773336,62942,62923,0.126444
1747156816873336,62982,62982,0.126613
1747156816973336,62999,63014,0.126782
1747156817074336,62985,63010,0.126954
1747156817173336,62947,62962,0.127122
1747156817273336,62868,62896,0.127291
1747156817373336,62778,62818,0.127462
1747156817473336,62638,62685,0.127632
1747156817573336,62515,62518,0.127803
1747156817673336,62301,62340,0.127974
1747156817774336,62097,62127,0.128147
1747156817874336,61895,61956,0.128318
1747156817973336,61626,61687,0.128488
1747156818073336,61390,61432,0.128659
1747156818173336,61086,61137,0.128832
1747156818272336,60855,60893,0.129002
1747156818373336,60529,60540,0.129176
1747156818473336,60195,60245,0.129349
1747156818574336,59919,60025,0.129524
1747156818673336,59582,59621,0.129695
1747156818773336,59309,59392,0.129868
1747156818873336,58984,59078,0.130042
1747156818972336,58726,58745,0.130214
1747156819073336,58452,58516,0.13039
1747156819173336,58170,58221,0.130564
1747156819274336,57955,57981,0.130741
1747156819373336,57718,57762,0.130914
1747156819473336,57545,57591,0.131089
1747156819573336,57363,57387,0.131264
1747156819673336,57227,57253,0.13144
1747156819773336,57131,57154,0.131615
1747156819874336,57049,57052,0.131793
1747156819973336,57011,57022,0.131968
1747156820073336,57001,56996,0.132144
1747156820173336,57019,56998,0.132321
1747156820273336,57088,57047,0.132498
1747156820373336,57181,57158,0.132675
1747156820473336,57293,57263,0.132852
1747156820573336,57465,57429,0.13303
1747156820673336,57631,57588,0.133206
1747156820774336,57866,57800,0.133386
1747156820872336,58056,58034,0.133561
1747156820973336,58341,58286,0.133741
1747156821073336,58651,58596,0.13392
1747156821173336,58919,58833,0.134099
1747156821273336,59262,59200,0.134278
1747156821373336,59551,59465,0.134458
1747156821473336,59911,59867,0.134638
1747156821572336,60208,60134,0.134816
1747156821673336,60535,60465,0.134998
1747156821773336,60889,60865,0.135178
1747156821873336,61169,61081,0.135359
1747156821973336,61497,61455,0.13554
1747156822074336,61749,61702,0.135723
1747156822174336,62034,61947,0.135906
1747156822274336,62267,62253,0.136088
1747156822372336,62433,62393,0.136266
1747156822472336,62614,62594,0.136447
1747156822572336,62750,62734,0.136629
1747156822672336,62867,62838,0.136812
1747156822774336,62948,62929,0.136998
1747156822874336,62994,63012,0.137182
1747156822974336,62993,63011,0.137365
1747156823074336,62952,62989,0.137549
1747156823174336,62863,62897,0.137733
1747156823274336,62756,62800,0.137917
1747156823374336,62585,62623,0.138101
1747156823472336,62434,62437,0.138282
1747156823574336,62193,62253,0.138471
1747156823674336,61917,61979,0.138656
1747156823774336,61666,61823,0.138841
1747156823874336,61335,61388,0.139027
1747156823972336,61048,61079,0.139209
1747156824074336,60714,60813,0.139399
1747156824174336,60335,60414,0.139585
1747156824274336,60019,60089,0.139772
1747156824374336,59633,59666,0.139959
1747156824474336,59321,59398,0.140146
1747156824574336,58948,59052,0.140333
1747156824674336,58625,58688,0.140521
1747156824774336,58349,58406,0.140709
1747156824874336,58037,58099,0.140897
1747156824974336,57806,57870,0.141085
1747156825074336,57557,57617,0.141274
1747156825174336,57402,57420,0.141463
1747156825274336,57213,57246,0.141652
1747156825374336,57100,57120,0.141842
1747156825474336,57034,57034,0.142031
1747156825574336,57000,57001,0.142221
1747156825674336,57012,56996,0.142411
1747156825774336,57074,57029,0.142602
1747156825872336,57152,57145,0.142789
1747156825974336,57304,57268,0.142983
1747156826074336,57505,57491,0.143174
1747156826174336,57703,57653,0.143366
1747156826274336,57983,57916,0.143558
1747156826374336,58241,58185,0.143749
1747156826474336,58585,58512,0.143942
1747156826572336,58887,58816,0.144131
1747156826674336,59240,59192,0.144327
1747156826772336,59348,59350,0.144603
1747156826874336,60014,60000,0.144713
1747156826974336,60349,60237,0.144907
1747156827074336,60754,60653,0.1451
1747156827174336,61041,61007,0.145294
1747156827274336,61451,61378,0.145489
1747156827374336,61769,61720,0.145683
1747156827474336,62032,61937,0.145878
1747156827574336,62318,62292,0.146073
1747156827674336,62520,62484,0.146268
1747156827774336,62722,62680,0.146464
1747156827874336,62848,62805,0.14666
1747156827974336,62952,62930,0.146856
1747156828074336,62996,63013,0.147052
1747156828174336,62993,63020,0.147249
1747156828274336,62936,62956,0.147446
1747156828374336,62846,62883,0.147643
1747156828474336,62683,62736,0.14784
1747156828574336,62531,62555,0.148038
1747156828674336,62251,62301,0.148236
1747156828774336,61975,62013,0.148434
1747156828874336,61697,61802,0.148632
1747156828974336,61326,61384,0.148831
1747156829074336,61001,61081,0.149031
1747156829174336,60584,60669,0.149229
1747156829272336,60272,60269,0.149425
1747156829374336,59838,59986,0.149629
1747156829474336,59406,59521,0.149829
1747156829574336,59024,59115,0.150029
1747156829674336,58657,58719,0.15023
1747156829772336,58586,58600,0.150662
1747156829872336,58586,58588,0.150662
1747156829974336,57745,57781,0.150833
1747156830074336,57479,57546,0.151035
1747156830172336,57319,57319,0.151233
1747156830274336,57163,57174,0.151439
1747156830374336,57050,57061,0.151642
1747156830474336,57003,57012,0.151844
1747156830574336,57015,56998,0.152047
1747156830674336,57074,57020,0.152251
1747156830774336,57205,57168,0.152454
1747156830874336,57340,57351,0.152658
1747156830974336,57602,57568,0.152862
1747156831074336,57871,57789,0.153066
1747156831174336,58148,58072,0.153271
1747156831274336,58524,58443,0.153476
1747156831374336,58859,58756,0.153681
1747156831474336,59292,59200,0.153887
1747156831572336,59619,59605,0.154088
1747156831674336,60076,60036,0.154299
1747156831774336,60532,60417,0.154505
1747156831874336,60897,60851,0.154712
1747156831974336,61325,61237,0.154918
1747156832074336,61653,61573,0.155125
1747156832174336,62018,61918,0.155333
1747156832272336,62255,62273,0.155536
1747156832374336,62533,62484,0.155749
1747156832474336,62751,62703,0.155957
1747156832574336,62881,62833,0.156165
1747156832674336,62976,62951,0.156374
1747156832772336,62985,63011,0.156974
1747156832872336,62985,63006,0.156975
1747156832974336,62867,62992,0.157002
1747156833074336,62707,62765,0.157217
1747156833174336,62494,62557,0.157422
1747156833274336,62258,62317,0.157633
1747156833374336,61918,61979,0.157844
1747156833474336,61639,61674,0.158055
1747156833574336,61180,61252,0.158266
1747156833674336,60768,60892,0.158478
1747156833774336,60383,60465,0.158689
1747156833874336,59903,60028,0.158902
1747156833974336,59510,59605,0.159114
1747156834074336,59042,59149,0.159327
1747156834174336,58715,58727,0.15954
1747156834274336,58259,58343,0.159753
1747156834374336,57918,57960,0.159967
1747156834474336,57650,57730,0.160181
1747156834574336,57379,57428,0.160395
1747156834674336,57207,57245,0.160609
1747156834774336,57066,57082,0.160824
1747156834874336,57012,57023,0.161039
1747156834974336,57011,56995,0.161254
1747156835074336,57084,57023,0.16147
1747156835174336,57206,57169,0.161686
1747156835274336,57424,57374,0.161902
1747156835374336,57656,57594,0.162119
1747156835474336,57998,57911,0.162335
1747156835574336,58284,58264,0.162552
1747156835674336,58758,58673,0.16277
1747156835772336,58841,58834,0.163552
1747156835872336,58841,58839,0.163552
1747156835972336,58841,58840,0.163552
1747156836074336,60549,59794,0.16364
1747156836174336,60950,60803,0.163859
1747156836274336,61416,61327,0.164078
1747156836374336,61731,61728,0.164298
1747156836474336,62153,62077,0.164517
1747156836574336,62449,62389,0.164737
1747156836674336,62667,62621,0.164958
1747156836774336,62862,62808,0.165178
1747156836874336,62959,62927,0.165399
1747156836974336,62999,63027,0.16562
1747156837074336,62966,63015,0.165841
1747156837174336,62845,62892,0.166063
1747156837272336,62683,62726,0.16628
1747156837372336,62466,62503,0.166503
1747156837472336,62167,62232,0.166725
1747156837574336,61812,61911,0.166955
1747156837672336,61412,61488,0.167174
1747156837774336,61020,61077,0.167402
1747156837872336,60512,60533,0.167619
1747156837972336,60035,60118,0.167845
1747156838074336,59556,59601,0.168072
1747156838173336,59088,59162,0.168295
1747156838274336,58642,58727,0.168522
1747156838374336,58191,58291,0.168747
1747156838472336,57829,57903,0.168968
1747156838572336,57552,57609,0.169194
1747156838674336,57283,57311,0.169425
1747156838772336,57224,57195,0.170404
1747156838872336,57243,57214,0.170404
1747156838972336,57243,57246,0.170405
1747156839072336,57243,57250,0.170405
1747156839174336,57231,57209,0.17056
1747156839274336,57458,57385,0.170789
1747156839374336,57721,57637,0.171017
1747156839474336,58112,58022,0.171245
1747156839574336,58479,58379,0.171474
1747156839672336,58927,58839,0.171699
1747156839772336,59406,59320,0.171929
1747156839872336,59852,59751,0.172159
1747156839974336,60402,60275,0.172393
1747156840074336,60891,60787,0.172624
1747156840174336,61402,61311,0.172855
1747156840274336,61786,61699,0.173086
1747156840372336,62165,62108,0.173313
1747156840472336,62483,62443,0.173547
1747156840574336,62731,62684,0.173781
1747156840674336,62914,62860,0.174013
1747156840774336,62988,62974,0.174246
1747156840872336,62989,63026,0.174474
1747156840974336,62903,62921,0.174712
1747156841074336,62710,62778,0.174946
1747156841174336,62451,62521,0.17518
1747156841274336,62155,62243,0.175414
1747156841374336,61724,61814,0.175648
1747156841474336,61323,61417,0.175883
1747156841574336,60790,60915,0.176118
1747156841674336,60382,60432,0.176354
1747156841772336,60174,60151,0.177544
1747156841872336,60174,60163,0.177545
1747156841972336,60174,60172,0.177545
1747156842072336,60174,60174,0.177545
1747156842172336,60174,60175,0.177545
1747156842274336,57549,57662,0.177773
1747156842374336,57331,57357,0.178011
1747156842474336,57102,57149,0.178249
1747156842574336,57011,57026,0.178488
1747156842674336,57008,57001,0.178726
1747156842774336,57108,57025,0.178965
1747156842874336,57272,57208,0.179204
1747156842974336,57568,57532,0.179444
1747156843072336,57843,57803,0.179679
1747156843174336,58293,58227,0.179924
1747156843274336,58811,58699,0.180165
1747156843374336,59271,59211,0.180406
1747156843472336,59805,59691,0.180642
1747156843574336,60346,60185,0.180889
1747156843674336,60929,60829,0.18113
1747156843772336,61380,61320,0.181368
1747156843874336,61839,61771,0.181615
1747156843974336,62275,62187,0.181858
1747156844074336,62564,62507,0.182101
1747156844174336,62824,62778,0.182344
1747156844274336,62952,62932,0.182588
1747156844374336,62999,63030,0.182832
1747156844474336,62956,63002,0.183077
1747156844574336,62771,62814,0.183322
1747156844674336,62513,62591,0.183567
1747156844772336,62482,62480,0.184983
1747156844872336,62450,62461,0.184984
1747156844972336,62450,62453,0.184984
1747156845072336,62450,62450,0.184984
1747156845172336,62450,62449,0.184984
1747156845274336,59701,62439,0.185044
1747156845374336,59126,59276,0.185292
1747156845474336,58655,58696,0.185539
1747156845574336,58087,58196,0.185787
1747156845674336,57686,57755,0.186036
1747156845774336,57395,57470,0.186285
1747156845874336,57143,57166,0.186534
1747156845974336,57029,57044,0.186783
1747156846074336,57007,57003,0.187033
1747156846172336,57074,57015,0.187278
1747156846274336,57278,57218,0.187533
1747156846374336,57603,57561,0.187784
1747156846474336,57951,57837,0.188035
1747156846574336,58458,58356,0.188287
1747156846674336,58927,58787,0.188538
1747156846774336,59544,59418,0.18879
1747156846872336,60066,60040,0.189038
1747156846974336,60645,60506,0.189296
1747156847074336,61253,61092,0.189549
1747156847174336,61711,61597,0.189802
1747156847274336,62198,62108,0.190056
1747156847374336,62490,62474,0.19031
1747156847474336,62812,62762,0.190564
1747156847574336,62962,62933,0.190819
1747156847674336,62999,63027,0.191074
1747156847772336,62990,63021,0.192734
1747156847872336,62990,62999,0.192734
1747156847972336,62990,62988,0.192735
1747156848072336,62990,62988,0.192735
1747156848172336,62990,62988,0.192735
1747156848272336,62990,62988,0.192735
1747156848374336,60409,61549,0.19287
1747156848474336,59868,60076,0.193128
1747156848574336,59213,59359,0.193386
1747156848672336,58757,58711,0.193641
1747156848774336,58186,58313,0.193904
1747156848874336,57702,57782,0.194163
1747156848974336,57390,57481,0.194423
1747156849074336,57126,57153,0.194682
1747156849174336,57017,57035,0.194943
1747156849274336,57020,56998,0.195203
1747156849372336,57134,57061,0.195459
1747156849474336,57375,57320,0.195726
1747156849574336,57769,57683,0.195988
1747156849674336,58177,58076,0.196249
1747156849774336,58761,58661,0.196512
1747156849874336,59288,59194,0.196775
1747156849974336,59966,59798,0.197038
1747156850072336,60525,60431,0.197296
1747156850174336,61125,61044,0.197565
1747156850274336,61728,61623,0.197829
1747156850374336,62157,62027,0.198094
1747156850474336,62576,62506,0.198359
1747156850574336,62819,62751,0.198627
1747156850674336,62979,62948,0.19889
1747156850772336,62992,63023,0.200809
1747156850872336,62992,63018,0.20081
1747156850972336,62992,63001,0.20081
1747156851072336,62992,62989,0.20081
1747156851172336,62992,62988,0.20081
1747156851272336,62992,62988,0.20081
1747156851372336,62992,62989,0.20081
1747156851474336,60023,60342,0.201025
1747156851574336,59321,59478,0.201293
1747156851672336,58772,58847,0.201557
1747156851774336,58215,58329,0.201833
1747156851874336,57697,57800,0.202102
1747156851974336,57368,57466,0.202372
1747156852074336,57102,57144,0.202643
1747156852174336,57006,57014,0.202914
1747156852274336,57044,57003,0.203185
1747156852374336,57226,57159,0.203456
1747156852474336,57504,57437,0.20373
1747156852572336,57926,57832,0.203996
1747156852672336,58397,58295,0.204268
1747156852772336,58984,58860,0.204544
1747156852872336,59560,59510,0.204817
1747156852972336,60221,60147,0.205092
1747156853073336,60873,60759,0.205369
1747156853173336,61425,61336,0.205644
1747156853273336,61972,61901,0.205915
1747156853373336,62383,62333,0.20619
1747156853472336,62754,62711,0.206463
1747156853572336,62936,62915,0.206739
1747156853672336,62997,63033,0.207016
1747156853772336,62982,63020,0.209223
1747156853872336,62974,62973,0.209223
1747156853972336,62964,62957,0.209223
1747156854072336,62953,62954,0.209223
1747156854172336,62953,62953,0.209224
1747156854272336,62953,62953,0.209224
1747156854372336,62953,62952,0.209224
1747156854472336,62953,62953,0.20924
1747156854572336,58596,60254,0.20952
1747156854672336,57979,58125,0.2098
1747156854772336,57528,57639,0.210081
1747156854872336,57205,57230,0.210362
1747156854972336,57030,57043,0.210643
1747156855072336,57006,56997,0.210925
1747156855172336,57152,57063,0.211206
1747156855272336,57410,57403,0.211489
1747156855372336,57877,57816,0.211772
1747156855472336,58423,58356,0.212055
1747156855572336,59057,58910,0.212339
1747156855672336,59742,59651,0.212622
1747156855772336,60443,60225,0.212906
1747156855872336,61122,61061,0.213191
1747156855972336,61740,61676,0.213476
1747156856072336,62263,62180,0.213762
1747156856172336,62661,62592,0.214047
1747156856272336,62911,62837,0.214334
1747156856372336,62999,62997,0.214621
1747156856472336,62935,63013,0.214907
1747156856572336,62673,62752,0.215195
1747156856672336,62276,62367,0.215482
1747156856772336,61748,61819,0.21577
1747156856872336,61118,61202,0.216059
1747156856972336,60424,60594,0.216348
1747156857072336,59703,59861,0.216638
1747156857172336,59066,59152,0.216927
1747156857272336,58350,58462,0.217217
1747156857372336,57797,57856,0.217507
1747156857472336,57372,57449,0.217798
1747156857572336,57100,57131,0.218089
1747156857672336,57000,57016,0.218381
1747156857772336,57077,57007,0.218673
1747156857872336,57297,57224,0.218966
1747156857972336,57741,57677,0.219258
1747156858072336,58290,58215,0.219551
1747156858172336,58944,58832,0.219845
1747156858272336,59662,59559,0.220138
1747156858372336,60402,60202,0.220433
1747156858472336,61119,61057,0.220728
1747156858572336,61709,61671,0.221023
1747156858672336,62312,62225,0.221319
1747156858772336,62743,62701,0.221614
1747156858872336,62958,62922,0.22191
1747156858972336,62989,63033,0.222207
1747156859072336,62856,62900,0.222504
1747156859172336,62538,62605,0.222802
1747156859272336,62113,62178,0.2231
1747156859372336,61448,61570,0.223399
1747156859472336,60743,60872,0.223697
1747156859572336,59990,60087,0.223996
1747156859672336,59236,59366,0.224295
1747156859772336,58529,58620,0.224595
1747156859872336,57916,57993,0.224896
1747156859972336,57479,57520,0.225196
1747156860072336,57126,57155,0.225498
1747156860172336,57001,57017,0.225802
1747156860274336,57092,57007,0.226107
1747156860374336,57415,57309,0.226409
1747156860472336,57784,57778,0.226706
1747156860574336,58509,58378,0.227015
1747156860672336,59152,59148,0.227312
1747156860774336,60077,59882,0.227623
1747156860872336,60848,60730,0.227921
1747156860972336,61495,61418,0.228225
1747156861072336,62117,62001,0.228531
1747156861172336,62513,62500,0.228836
1747156861274336,62897,62823,0.229148
1747156861372336,62999,62997,0.229448
1747156861474336,62872,62991,0.229762
1747156861572336,62546,62624,0.230063
1747156861672336,62099,62175,0.23037
1747156861772336,61464,61581,0.230678
1747156861874336,60645,60944,0.230993
1747156861972336,59850,59990,0.231295
1747156862074336,58988,59157,0.231611
1747156862172336,58410,58522,0.231914
1747156862274336,57739,57847,0.232231
1747156862372336,57332,57423,0.232535
1747156862472336,57063,57101,0.232846
1747156862572336,57002,57013,0.233157
1747156862674336,57194,57030,0.233476
1747156862774336,57631,57541,0.233787
1747156862874336,58147,57995,0.2341
1747156862974336,58926,58760,0.234413
1747156863074336,59640,59419,0.234727
1747156863172336,60458,60302,0.235034
1747156863272336,61167,61128,0.235349
1747156863374336,61937,61799,0.235669
1747156863474336,62531,62428,0.235984
1747156863574336,62849,62773,0.2363
1747156863674336,62999,62973,0.236616
1747156863774336,62917,63015,0.236932
1747156863872336,62614,62718,0.237243
1747156863972336,62110,62201,0.23756
1747156864074336,61442,61630,0.237884
1747156864174336,60579,60798,0.238202
1747156864274336,59828,60010,0.23852
1747156864374336,58927,59108,0.238839
1747156864474336,58260,58416,0.239158
1747156864574336,57598,57716,0.239478
1747156864672336,57223,57261,0.239793
1747156864774336,57016,57040,0.240119
1747156864872336,57046,57011,0.240434
1747156864974336,57313,57194,0.240762
1747156865074336,57853,57741,0.241084
1747156865174336,58383,58346,0.241406
1747156865274336,59326,59187,0.241729
1747156865372336,60093,59981,0.242046
1747156865474336,60937,60750,0.242376
1747156865574336,61776,61640,0.242699
1747156865674336,62336,62170,0.243024
1747156865774336,62807,62740,0.243349
1747156865872336,62974,62962,0.243668
1747156865974336,62946,63013,0.244
1747156866074336,62620,62752,0.244326
1747156866172336,62212,62307,0.244647
1747156866274336,61462,61662,0.24498
1747156866374336,60646,60891,0.245308
1747156866474336,59686,59917,0.245636
1747156866572336,59000,59058,0.245958
1747156866674336,58154,58321,0.24629
1747156866774336,57497,57648,0.246619
1747156866872336,57179,57232,0.246943
1747156866972336,57004,57008,0.247273
1747156867074336,57068,57008,0.24761
1747156867174336,57474,57371,0.247941
1747156867272336,58059,57942,0.248266
1747156867374336,58816,58644,0.248604
1747156867474336,59769,59567,0.248937
1747156867574336,60574,60350,0.24927
1747156867674336,61497,61287,0.249604
1747156867774336,62072,61980,0.249937
1747156867874336,62705,62590,0.250271
1747156867974336,62968,62896,0.250605
1747156868072336,62975,63011,0.250937
1747156868172336,62726,62804,0.251272
1747156868272336,62288,62411,0.251605
1747156868373336,61602,61739,0.25195
1747156868472336,60855,60916,0.252282
1747156868573336,59860,60017,0.252619
1747156868672336,58964,59102,0.252953
1747156868772336,58163,58279,0.253292
1747156868872336,57531,57652,0.25363
1747156868972336,57159,57233,0.253969
1747156869072336,57000,57014,0.254309
1747156869172336,57077,57014,0.254649
1747156869272336,57523,57442,0.25499
1747156869372336,58085,58035,0.25533
1747156869472336,58970,58826,0.255672
1747156869572336,59884,59740,0.256014
1747156869672336,60719,60549,0.256356
1747156869772336,61580,61455,0.256699
1747156869872336,62227,62092,0.257043
1747156869972336,62776,62727,0.257386
1747156870072336,62983,62966,0.25773
1747156870172336,62913,63001,0.258074
1747156870272336,62546,62670,0.258419
1747156870372336,61925,62050,0.258765
1747156870472336,61112,61222,0.259111
1747156870572336,60280,60396,0.259457
1747156870672336,59238,59388,0.259804
1747156870772336,58366,58503,0.260152
1747156870872336,57658,57747,0.260499
1747156870972336,57186,57242,0.260848
1747156871072336,57001,57016,0.261197
1747156871172336,57123,57010,0.261546
1747156871272336,57487,57436,0.261896
1747156871372336,58213,58080,0.262247
1747156871472336,59073,58904,0.262597
1747156871572336,60030,59897,0.262947
1747156871672336,60986,60841,0.2633
1747156871772336,61762,61643,0.263651
1747156871872336,62503,62434,0.264004
1747156871972336,62875,62826,0.264357
1747156872072336,62992,62991,0.26471
1747156872172336,62764,62889,0.265064
1747156872272336,62239,62343,0.265418
1747156872372336,61473,61633,0.265773
1747156872472336,60643,60847,0.266129
1747156872572336,59558,59735,0.266484
1747156872672336,58705,58719,0.266841
1747156872772336,57823,57903,0.267197
1747156872872336,57268,57345,0.267555
1747156872972336,57012,57044,0.267913
1747156873072336,57087,56998,0.268271
1747156873172336,57431,57360,0.26863
1747156873272336,58163,58039,0.268989
1747156873372336,59049,58881,0.269348
1747156873472336,60043,59896,0.269708
1747156873572336,61034,60890,0.270069
1747156873672336,61910,61737,0.270431
1747156873772336,62570,62490,0.270792
1747156873872336,62916,62839,0.271154
1747156873972336,62971,63006,0.271516
1747156874072336,62661,62755,0.271879
1747156874172336,62043,62159,0.272243
1747156874272336,61188,61320,0.272607
1747156874372336,60294,60412,0.272972
1747156874472336,59171,59325,0.273337
1747156874572336,58331,58408,0.273702
1747156874672336,57526,57649,0.274068
1747156874772336,57097,57144,0.274434
1747156874872336,57012,57009,0.274802
1747156874972336,57283,57151,0.275169
1747156875072336,57806,57698,0.275536
1747156875172336,58732,58590,0.275906
1747156875272336,59739,59590,0.276274
1747156875372336,60780,60606,0.276643
1747156875472336,61727,61607,0.277013
1747156875572336,62466,62364,0.277383
1747156875672336,62904,62829,0.277754
1747156875772336,62993,62993,0.278126
1747156875872336,62697,62810,0.278498
1747156875972336,62074,62210,0.278876
1747156876072336,61192,61325,0.279244
1747156876172336,60159,60270,0.279616
1747156876272336,59104,59347,0.27999
1747156876372336,58159,58309,0.280365
1747156876472336,57494,57650,0.280739
1747156876572336,57056,57109,0.281115
1747156876672336,57040,57015,0.281491
1747156876772336,57404,57289,0.281868
1747156876872336,58101,57959,0.282244
1747156876972336,58943,58788,0.282621
1747156877072336,60114,59943,0.282999
1747156877172336,61069,60989,0.283377
1747156877272336,62076,61940,0.283756
1747156877372336,62711,62607,0.284136
1747156877472336,62991,62949,0.284516
1747156877572336,62875,62983,0.284896
1747156877672336,62444,62578,0.285277
1747156877772336,61564,61718,0.285658
1747156877872336,60647,60746,0.28604
1747156877972336,59439,59590,0.286423
1747156878072336,58413,58529,0.286806
1747156878172336,57599,57713,0.287189
1747156878272336,57110,57164,0.287574
1747156878372336,57005,57010,0.287958
1747156878472336,57326,57195,0.288343
1747156878572336,58007,57870,0.288728
1747156878672336,58963,58818,0.289114
1747156878772336,60065,59878,0.289501
1747156878872336,61160,60896,0.289888
1747156878972336,62094,61967,0.290276
1747156879072336,62689,62577,0.290664
1747156879172336,62997,62960,0.291052
1747156879272336,62833,62972,0.291441
1747156879372336,62267,62379,0.291831
1747156879472336,61378,61555,0.292222
1747156879572336,60403,60611,0.292612
1747156879672336,59157,59311,0.293003
1747156879772336,58236,58363,0.293395
1747156879872336,57398,57525,0.293788
1747156879972336,57028,57073,0.29418
1747156880072336,57090,57010,0.294574
1747156880172336,57578,57489,0.294967
1747156880272336,58325,58172,0.295362
1747156880372336,59501,59391,0.295757
1747156880472336,60542,60436,0.296153
1747156880572336,61715,61564,0.296548
1747156880672336,62520,62446,0.296945
1747156880772336,62949,62860,0.297342
1747156880872336,62936,62978,0.297739
1747156880972336,62479,62647,0.298137
1747156881072336,61646,61778,0.298536
1747156881172336,60676,60876,0.298935
1747156881272336,59388,59553,0.299335
1747156881372336,58307,58457,0.299735
1747156881472336,57484,57619,0.300136
1747156881572336,57048,57103,0.300537
1747156881672336,57069,57015,0.300939
1747156881772336,57547,57446,0.301341
1747156881872336,58309,58133,0.301741
1747156881972336,59522,59401,0.302145
1747156882072336,60713,60498,0.302548
1747156882172336,61792,61655,0.302952
1747156882272336,62590,62499,0.303357
1747156882372336,62975,62893,0.303763
1747156882472336,62886,62977,0.304169
1747156882572336,62406,62553,0.304576
1747156882672336,61402,61590,0.304983
1747156882772336,60238,60392,0.305391
1747156882872336,59041,59228,0.3058
1747156882972336,57994,58147,0.306209
1747156883072336,57274,57396,0.306617
1747156883172336,57000,57014,0.307027
1747156883272336,57177,57033,0.307438
1747156883372336,57903,57790,0.307849
1747156883472336,59051,58853,0.308265
1747156883572336,60269,60103,0.308677
1747156883672336,61552,61338,0.309089
1747156883773336,62453,62337,0.309507
1747156883872336,62940,62842,0.309916
1747156883972336,62954,63009,0.310327
1747156884072336,62344,62492,0.310742
1747156884172336,61385,61586,0.311157
1747156884272336,60309,60488,0.311574
1747156884372336,58953,59162,0.31199
1747156884472336,57991,58166,0.312407
1747156884572336,57208,57298,0.312825
1747156884672336,57002,57013,0.313243
1747156884772336,57267,57095,0.313662
1747156884872336,58015,57873,0.314082
1747156884972336,58994,58819,0.314501
1747156885072336,60373,60214,0.314922
1747156885172336,61567,61331,0.315342
1747156885272336,62484,62385,0.315764
1747156885372336,62933,62842,0.316186
1747156885472336,62930,62992,0.316609
1747156885572336,62397,62557,0.317032
1747156885672336,61315,61522,0.317456
1747156885772336,59942,60133,0.317882
1747156885872336,58812,59071,0.318306
1747156885972336,57684,57794,0.318732
1747156886072336,57133,57166,0.319158
1747156886172336,57026,56999,0.319584
1747156886272336,57471,57360,0.320012
1747156886372336,58279,58104,0.320439
1747156886472336,59477,59320,0.320868
1747156886572336,60776,60382,0.321298
1747156886672336,61931,61780,0.321726
1747156886772336,62723,62596,0.322157
1747156886872336,62999,62982,0.322587
1747156886972336,62705,62854,0.323019
1747156887072336,61994,62196,0.323451
1747156887172336,60844,61015,0.323883
1747156887272336,59661,59937,0.324317
1747156887372336,58195,58397,0.32475
1747156887472336,57281,57409,0.325184
1747156887572336,57000,57003,0.325619
1747156887672336,57305,57166,0.326054
1747156887772336,58037,57858,0.32649
1747156887872336,59213,58973,0.326927
1747156887972336,60280,60278,0.327364
1747156888072336,61775,61582,0.327802
1747156888172336,62651,62581,0.32824
1747156888272336,62999,62956,0.328679
1747156888372336,62685,62865,0.329118
1747156888472336,61934,62124,0.329558
1747156888572336,60732,60913,0.329999
1747156888672336,59513,59813,0.33044
1747156888772336,58259,58417,0.330883
1747156888872336,57360,57470,0.331325
1747156888972336,57002,57029,0.331767
1747156889072336,57261,57093,0.332211
1747156889172336,58088,57955,0.332655
1747156889272336,59314,59096,0.3331
1747156889372336,60551,60337,0.333545
1747156889472336,61916,61754,0.333991
1747156889572336,62686,62612,0.334439
1747156889672336,62996,62963,0.334885
1747156889772336,62613,62772,0.335333
1747156889872336,61672,61871,0.335782
1747156889972336,60374,60598,0.33623
1747156890072336,59125,59360,0.33668
1747156890172336,57825,57984,0.33713
1747156890272336,57125,57192,0.337581
1747156890372336,57048,57012,0.338032
1747156890472336,57612,57499,0.338484
1747156890572336,58699,58440,0.338937
1747156890672336,60074,59843,0.339389
1747156890772336,61308,61126,0.339844
1747156890872336,62480,62338,0.340298
1747156890972336,62977,62884,0.340753
1747156891072336,62813,62961,0.341208
1747156891172336,62019,62196,0.341665
1747156891272336,60771,61067,0.342121
1747156891372336,59346,59568,0.342579
1747156891472336,58180,58325,0.343037
1747156891572336,57225,57358,0.343496
1747156891672336,57012,57010,0.343956
1747156891772336,57483,57337,0.344415
1747156891872336,58532,58360,0.344875
1747156891972336,59775,59563,0.345336
1747156892072336,61330,61142,0.345798
1747156892172336,62345,62265,0.34626
1747156892272336,62972,62875,0.346723
1747156892372336,62815,62954,0.347187
1747156892472336,61998,62208,0.347651
1747156892572336,60707,60897,0.348116
1747156892672336,59391,59648,0.348582
1747156892772336,57964,58172,0.349048
1747156892872336,57163,57247,0.349515
1747156892972336,57039,57015,0.349982
1747156893072336,57626,57503,0.35045
1747156893172336,58787,58517,0.350918
1747156893272336,60243,60031,0.351388
1747156893372336,61515,61299,0.351858
1747156893472336,62644,62512,0.352328
1747156893572336,62999,62970,0.352799
1747156893672336,62619,62791,0.35327
1747156893772336,61591,61764,0.353743
1747156893872336,60168,60539,0.354216
1747156893972336,58701,58937,0.354689
1747156894072336,57645,57747,0.355164
1747156894172336,57018,57083,0.355639
1747156894272336,57230,57061,0.356114
1747156894372336,58142,57998,0.35659
1747156894472336,59525,59327,0.357067
1747156894572336,60886,60609,0.357544
1747156894672336,62277,62097,0.358022
1747156894772336,62908,62847,0.358501
1747156894872336,62851,62976,0.358983
1747156894972336,62025,62207,0.35946
1747156895072336,60672,60876,0.359941
1747156895172336,59143,59343,0.360422
1747156895272336,57945,58166,0.360904
1747156895372336,57090,57157,0.361387
1747156895472336,57110,57010,0.36187
1747156895572336,58006,57853,0.362355
1747156895672336,59387,59149,0.362838
1747156895772336,60782,60535,0.363323
1747156895872336,62124,61962,0.363809
1747156895972336,62854,62774,0.364296
1747156896072336,62895,62966,0.364782
1747156896172336,62110,62293,0.365271
1747156896272336,60752,60941,0.365759
1747156896372336,59186,59405,0.366249
1747156896472336,57953,58180,0.366737
1747156896572336,57084,57152,0.367228
1747156896672336,57086,57015,0.367719
1747156896772336,57964,57829,0.36821
1747156896872336,59366,59123,0.368703
1747156896972336,60946,60639,0.369196
1747156897072336,62265,62086,0.369691
1747156897172336,62919,62815,0.37018
1747156897272336,62748,62912,0.370674
1747156897372336,61744,61935,0.37117
1747156897472336,60243,60462,0.371666
1747156897572336,58670,58927,0.372163
1747156897672336,57566,57698,0.372661
1747156897772336,57010,57061,0.373159
1747156897872336,57244,57065,0.373659
1747156897972336,58393,58166,0.374158
1747156898072336,59939,59715,0.374658
1747156898172336,61506,61309,0.375158
1747156898272336,62636,62518,0.37566
1747156898372336,62999,62952,0.376162
1747156898472336,62475,62652,0.376665
1747156898572336,61371,61475,0.37717
1747156898672336,59604,59894,0.377674
1747156898772336,57977,58209,0.378179
1747156898872336,57114,57207,0.378689
1747156898972336,57165,57027,0.379195
1747156899072336,57983,57883,0.379702
1747156899172336,59794,59556,0.38021
1747156899272336,61411,61171,0.380718
1747156899372336,62513,62338,0.381223
1747156899472336,62997,62947,0.381732
1747156899572336,62475,62675,0.382242
1747156899672336,61190,61453,0.382755
1747156899772336,59535,59924,0.383265
1747156899872336,58021,58264,0.383778
1747156899972336,57120,57215,0.384291
1747156900072336,57118,57018,0.384805
1747156900172336,58022,57859,0.385319
1747156900272336,59378,59033,0.385834
1747156900372336,61219,60926,0.386351
1747156900472336,62409,62321,0.386866
1747156900572336,62993,62882,0.387384
1747156900672336,62534,62724,0.387902
1747156900772336,61410,61627,0.388421
1747156900872336,59569,59887,0.388945
1747156900972336,58153,58400,0.38946
1747156901072336,57110,57210,0.389981
1747156901172336,57139,57018,0.390502
1747156901272336,58103,57915,0.391024
1747156901372336,59690,59457,0.391547
1747156901472336,61224,60954,0.39207
1747156901572336,62620,62475,0.392596
1747156901672336,62999,62945,0.39312
1747156901772336,62367,62586,0.393645
1747156901872336,61117,61227,0.394172
1747156901972336,59386,59717,0.394699
1747156902072336,57738,57947,0.395226
1747156902172336,57051,57096,0.395755
1747156902272336,57316,57120,0.396284
1747156902372336,58375,58086,0.396814
1747156902472336,60235,59940,0.397345
1747156902572336,61869,61642,0.397875
1747156902672336,62806,62667,0.398408
1747156902772336,62870,62944,0.39894
1747156902872336,62010,62237,0.399474
1747156902972336,60237,60525,0.400008
1747156903072336,58666,59004,0.400543
1747156903172336,57296,57492,0.401079
1747156903272336,57035,57020,0.401614
1747156903372336,57699,57530,0.402151
1747156903472336,59377,59079,0.402689
1747156903572336,60990,60633,0.403227
1747156903672336,62530,62328,0.403767
1747156903772336,62990,62932,0.404306
1747156903872336,62386,62606,0.404848
1747156903972336,60913,61191,0.405389
1747156904072336,59284,59573,0.40593
1747156904172336,57622,57802,0.406473
1747156904272336,57016,57089,0.407017
1747156904372336,57478,57288,0.407561
1747156904472336,58548,58513,0.408106
1747156904572336,60700,60425,0.408651
1747156904672336,62262,62048,0.409199
1747156904772336,62962,62863,0.409745
1747156904872336,62597,62804,0.410293
1747156904972336,61403,61677,0.410842
1747156905072336,59406,59755,0.41139
1747156905172336,57799,58114,0.411941
1747156905272336,57022,57084,0.412491
1747156905372336,57374,57174,0.413044
1747156905472336,58560,58299,0.413596
1747156905572336,60570,60288,0.414148
1747156905672336,62064,61796,0.414702
1747156905772336,62979,62872,0.415256
1747156905872336,62776,62876,0.415812
1747156905972336,61227,61516,0.416367
1747156906072336,59364,59704,0.416924
1747156906172336,57876,58112,0.417484
1747156906272336,57010,57069,0.41804
1747156906372336,57355,57159,0.418599
1747156906472336,58900,58651,0.419158
1747156906572336,60788,60403,0.419719
1747156906672336,62365,62137,0.42028
1747156906772336,62999,62903,0.420842
1747156906872336,62539,62752,0.421406
1747156906972336,60882,61183,0.421969
1747156907072336,59160,59518,0.422532
1747156907172336,57480,57660,0.423097
1747156907272336,57008,57029,0.423663
1747156907372336,57758,57575,0.424229
1747156907472336,59427,59110,0.424797
1747156907572336,61157,60845,0.425365
1747156907672336,62695,62532,0.425934
1747156907772336,62972,62956,0.426503
1747156907872336,61961,62219,0.427073
1747156907972336,60162,60571,0.427644
1747156908072336,58293,58540,0.428216
1747156908172336,57138,57286,0.428788
1747156908272336,57126,57024,0.429362
1747156908372336,58431,58145,0.429938
1747156908472336,60144,59754,0.430511
1747156908572336,62110,61866,0.431087
1747156908672336,62945,62866,0.431663
1747156908772336,62750,62930,0.43224
1747156908872336,61232,61526,0.432818
1747156908972336,59266,59594,0.433397
1747156909072336,57498,57684,0.433976
1747156909172336,57000,57048,0.434557
1747156909272336,57832,57643,0.435137
1747156909372336,59606,59199,0.435719
1747156909472336,61556,61272,0.436302
1747156909572336,62821,62657,0.436885
1747156909672336,62895,62947,0.437469
1747156909772336,61586,61869,0.438054
1747156909872336,59828,60206,0.438641
1747156909972336,57828,58102,0.439226
1747156910072336,57031,57062,0.439814
1747156910172336,57327,57120,0.440402
1747156910272336,58797,58524,0.44099
1747156910372336,60617,60296,0.44158
1747156910472336,62344,62115,0.442171
1747156910572336,62995,62881,0.442762
1747156910672336,62276,62521,0.443354
1747156910772336,60502,60646,0.443947
1747156910872336,58492,58765,0.44454
1747156910972336,57115,57261,0.445134
1747156911072336,57180,57035,0.44573
1747156911172336,58686,58389,0.446326
1747156911272336,60320,60255,0.446922
1747156911372336,62308,62075,0.44752
1747156911472336,62994,62908,0.44812
1747156911572336,62266,62522,0.448717
1747156911672336,60453,60774,0.449318
1747156911772336,58419,58661,0.449918
1747156911872336,57141,57307,0.45052
1747156911972336,57162,57080,0.451122
1747156912072336,58670,58376,0.451725
1747156912172336,60541,60326,0.45233
1747156912272336,62583,62339,0.452934
1747156912372336,62904,62923,0.45354
1747156912472336,61871,62141,0.454141
1747156912572336,59869,60166,0.454748
1747156912672336,57928,58381,0.455356
1747156912772336,57038,57117,0.455965
1747156912872336,57351,57239,0.456574
1747156912972336,59149,58865,0.457187
1747156913072336,61461,61118,0.457796
1747156913172336,62752,62568,0.458408
1747156913272336,62849,62932,0.459021
1747156913372336,61689,61968,0.459635
1747156913472336,59392,59773,0.460249
1747156913572336,57586,57794,0.460865
1747156913672336,57013,57028,0.461482
1747156913772336,58142,57925,0.462098
1747156913872336,60201,59800,0.462716
1747156913972336,62305,62055,0.463334
1747156914072336,62979,62934,0.46396
1747156914172336,61964,62247,0.46458
1747156914272336,59918,60245,0.465201
1747156914372336,58079,58353,0.465823
1747156914472336,57005,57073,0.466441
1747156914572336,57544,57295,0.467063
1747156914672336,59587,59219,0.467689
1747156914772336,61717,61305,0.468313
1747156914872336,62932,62782,0.468939
1747156914972336,62575,62815,0.469566
1747156915072336,61044,61354,0.470194
1747156915172336,58633,59002,0.470824
1747156915272336,57259,57534,0.471459
1747156915372336,57251,57064,0.472083
1747156915472336,58624,58489,0.472714
1747156915572336,60834,60486,0.473346
1747156915672336,62698,62498,0.473979
1747156915772336,62919,62942,0.474612
1747156915872336,61434,61755,0.475247
1747156915972336,59366,59891,0.475883
1747156916072336,57425,57642,0.476519
1747156916172336,57077,57028,0.477156
1747156916272336,58183,57954,0.477794
1747156916372336,60585,60223,0.478433
1747156916472336,62333,62043,0.479073
1747156916572336,62956,62932,0.479713
1747156916672336,62111,62200,0.480356
1747156916772336,59550,59928,0.480997
1747156916872336,57599,57852,0.48164
1747156916972336,57005,57022,0.482284
1747156917072336,58172,57945,0.482929
1747156917172336,60145,59702,0.483574
1747156917272336,62368,62107,0.484221
1747156917372336,62977,62929,0.484869
1747156917472336,61840,62164,0.485517
1747156917572336,59620,59972,0.486167
1747156917672336,57772,58043,0.486817
1747156917772336,57027,57033,0.487467
1747156917872336,58015,57737,0.488119
1747156917972336,60447,60080,0.488771
1747156918072336,62284,62156,0.489425
1747156918172336,62987,62912,0.490079
1747156918272336,61699,62022,0.490736
1747156918372336,59649,59982,0.491391
1747156918472336,57479,57706,0.492047
1747156918572336,57033,57027,0.492705
1747156918672336,58462,58152,0.493364
1747156918772336,60791,60433,0.494024
1747156918872336,62513,62274,0.494685
1747156918972336,62855,62913,0.495347
1747156919072336,61518,61875,0.496008
1747156919172336,58938,59323,0.496671
1747156919272336,57456,57559,0.497335
1747156919372336,57257,57066,0.498
1747156919472336,59007,58680,0.498666
1747156919572336,61163,60799,0.499333
1747156919672336,62889,62705,0.500001
1747156919772336,62679,62886,0.50067
1747156919872336,60597,60976,0.501338
1747156919972336,58250,58692,0.502009
1747156920072336,57022,57120,0.50268
1747156920172336,57711,57464,0.503352
1747156920272336,59632,59283,0.504025
1747156920372336,62129,61823,0.504699
1747156920472336,62998,62863,0.505375
1747156920572336,61906,62212,0.50605
1747156920672336,59813,59952,0.506726
1747156920772336,57654,57947,0.507404
1747156920872336,57091,57040,0.508082
1747156920972336,58384,58113,0.508762
1747156921072336,61044,60654,0.509442
1747156921172336,62690,62431,0.510123
1747156921272336,62674,62871,0.510806
1747156921372336,60760,61144,0.511488
1747156921472336,58547,58920,0.512172
1747156921572336,57026,57134,0.512856
1747156921672336,57738,57478,0.513542
1747156921772336,59991,59625,0.514229
1747156921872336,61884,61807,0.514917
1747156921972336,62973,62908,0.515606
1747156922072336,61648,61998,0.516296
1747156922172336,59432,59828,0.516985
1747156922272336,57280,57517,0.517676
1747156922372336,57170,57038,0.518368
1747156922472336,59159,58805,0.519062
1747156922572336,61643,61150,0.519755
1747156922672336,62976,62843,0.52045
1747156922772336,62212,62506,0.521148
1747156922872336,60143,60521,0.521844
1747156922972336,57633,57941,0.52254
1747156923072336,57022,57048,0.523239
1747156923172336,58595,58251,0.523939
1747156923272336,60887,60695,0.524639
1747156923372336,62769,62548,0.525341
1747156923472336,62522,62766,0.526045
1747156923572336,60616,60987,0.526747
1747156923672336,57928,58256,0.527451
1747156923772336,57000,57077,0.528156
1747156923872336,58276,58007,0.528862
1747156923972336,60554,60403,0.529569
1747156924072336,62636,62381,0.530277
1747156924172336,62659,62865,0.530986
1747156924272336,60850,61251,0.531696
1747156924372336,58079,58419,0.532407
1747156924472336,57007,57123,0.533119
1747156924572336,58169,57909,0.533832
1747156924672336,60452,60298,0.534546
1747156924772336,62603,62333,0.53526
1747156924872336,62673,62872,0.535976
1747156924972336,60850,61234,0.536694
1747156925072336,58050,58392,0.537411
1747156925172336,57003,57100,0.53813
1747156925272336,58255,57986,0.538849
1747156925372336,60853,60449,0.539569
1747156925472336,62684,62459,0.54029
1747156925572336,62571,62805,0.541013
1747156925672336,60614,61069,0.541736
1747156925772336,57844,58186,0.54246
1747156925872336,57001,57050,0.543186
1747156925972336,58553,58213,0.543912
1747156926072336,61216,60771,0.544639
1747156926172336,62845,62647,0.545369
1747156926272336,62306,62597,0.546097
1747156926372336,60129,60611,0.546827
1747156926472336,57513,57802,0.547559
1747156926572336,57168,57028,0.548291
1747156926672336,59103,58717,0.549023
1747156926772336,61767,61374,0.549758
1747156926872336,62985,62856,0.550492
1747156926972336,61792,62138,0.551228
1747156927072336,59121,59566,0.551965
1747156927172336,57165,57403,0.552704
1747156927272336,57260,57186,0.553443
1747156927372336,59942,59516,0.554182
1747156927472336,62396,62098,0.554923
1747156927572336,62936,62922,0.555665
1747156927672336,60945,61364,0.556408
1747156927772336,58473,58947,0.557146
1747156927872336,57000,57058,0.557891
1747156927972336,58289,57891,0.558636
1747156928072336,61026,60593,0.559385
1747156928172336,62895,62688,0.560131
1747156928272336,62478,62770,0.56088
1747156928372336,59748,60172,0.561631
1747156928472336,57403,57664,0.562381
1747156928572336,57285,57076,0.563135
1747156928672336,59507,58934,0.563886
1747156928772336,62158,61806,0.564642
1747156928872336,62939,62906,0.565395
1747156928972336,61426,61814,0.56615
1747156929072336,58369,58822,0.566907
1747156929172336,57021,57174,0.567665
1747156929272336,58268,57960,0.568426
1747156929372336,61065,60473,0.569186
1747156929472336,62922,62707,0.569945
1747156929572336,62186,62544,0.570711
1747156929672336,59793,60244,0.57147
1747156929772336,57257,57549,0.572234
1747156929872336,57473,57195,0.573
1747156929972336,59963,59492,0.573766
1747156930072336,62489,62070,0.574533
1747156930172336,62762,62888,0.575301
1747156930272336,60523,61000,0.576073
1747156930372336,58018,58376,0.576842
1747156930472336,57091,57065,0.577611
1747156930572336,58769,58234,0.578384
1747156930672336,61884,61438,0.579157
1747156930772336,62999,62891,0.579932
1747156930872336,61577,61995,0.580707
1747156930972336,58420,58913,0.581483
1747156931072336,57017,57162,0.582262
1747156931172336,58387,58051,0.583039
1747156931272336,61012,60458,0.583819
1747156931372336,62981,62797,0.584599
1747156931472336,61850,62234,0.585381
1747156931572336,59252,59732,0.586164
1747156931672336,57058,57286,0.586948
1747156931772336,57750,57426,0.587734
1747156931872336,60824,60357,0.588519
1747156931972336,62671,62556,0.589305
1747156932072336,62173,62510,0.590093
1747156932172336,59346,59831,0.590882
1747156932272336,57263,57528,0.591672
1747156932372336,57731,57417,0.592463
1747156932472336,60530,60067,0.593255
1747156932572336,62812,62559,0.594048
1747156932672336,62327,62722,0.594844
1747156932772336,59542,60020,0.595639
1747156932872336,57338,57627,0.596435
1747156932972336,57466,57187,0.597232
1747156933072336,60435,59956,0.59803
1747156933172336,62658,62244,0.59883
1747156933272336,62345,62649,0.599632
1747156933372336,59536,60150,0.600433
1747156933472336,57194,57480,0.601235
1747156933572336,57694,57372,0.602039
1747156933672336,60227,59765,0.602844
1747156933772336,62838,62575,0.60365
1747156933872336,62430,62742,0.604457
1747156933972336,59329,59837,0.605265
1747156934072336,57220,57379,0.606075
1747156934172336,57670,57339,0.606885
1747156934272336,60848,60364,0.607696
1747156934372336,62847,62606,0.608509
1747156934472336,61955,62344,0.609323
1747156934572336,58928,59905,0.610137
1747156934672336,57024,57231,0.610953
1747156934772336,58258,57799,0.61177
1747156934872336,61337,60818,0.612589
1747156934972336,62998,62854,0.613407
1747156935072336,61742,62149,0.614227
1747156935172336,58366,58894,0.615048
1747156935272336,57023,57179,0.615871
1747156935372336,58870,58421,0.616694
1747156935472336,61407,61260,0.617519
1747156935572336,62919,62870,0.618346
1747156935672336,60718,61231,0.619172
1747156935772336,57961,58359,0.619999
1747156935872336,57114,57047,0.620828
1747156935972336,59429,58887,0.621658
1747156936072336,62562,62213,0.62249
1747156936172336,62541,62864,0.623322
1747156936272336,59703,60226,0.624156
1747156936372336,57193,57480,0.624991
1747156936472336,57593,57267,0.625826
1747156936572336,60873,60370,0.626663
1747156936672336,62891,62576,0.6275
1747156936772336,61718,62137,0.628338
1747156936872336,58834,59073,0.629179
1747156936972336,57003,57146,0.63002
1747156937072336,58882,58421,0.630864
1747156937172336,61773,61285,0.631707
1747156937272336,62862,62867,0.63255
1747156937372336,60407,60949,0.633396
1747156937472336,57480,57846,0.634244
1747156937572336,57460,57178,0.635091
1747156937672336,60043,59539,0.63594
1747156937772336,62863,62586,0.636791
1747156937872336,61991,62416,0.637644
1747156937972336,58800,59351,0.638495
1747156938072336,57000,57146,0.639348
1747156938172336,58730,58297,0.640203
1747156938272336,61962,61473,0.641059
1747156938372336,62951,62921,0.641919
1747156938472336,60365,60909,0.642777
1747156938572336,57617,58127,0.643665
1747156938672336,57562,57256,0.644511
1747156938772336,60280,60078,0.645357
1747156938872336,62852,62597,0.64622
1747156938972336,61706,62133,0.647083
1747156939072336,58710,59226,0.647949
1747156939172336,57037,57061,0.648816
1747156939272336,58948,58387,0.649682
1747156939372336,62407,61989,0.650552
1747156939472336,62741,62830,0.651423
1747156939572336,59925,60470,0.652292
1747156939672336,57092,57371,0.653164
1747156939772336,57939,57561,0.654037
1747156939872336,61553,60978,0.654912
1747156939972336,62990,62859,0.655787
1747156940072336,60666,61193,0.656664
1747156940172336,57531,57938,0.657543
1747156940272336,57322,57089,0.658422
1747156940372336,60626,60079,0.659303
1747156940472336,62959,62770,0.660183
1747156940572336,61532,61976,0.661066
1747156940672336,58766,58940,0.661951
1747156940772336,57130,57097,0.662835
1747156940872336,59790,59256,0.663722
1747156940972336,62553,62217,0.66461
1747156941072336,62142,62518,0.665497
1747156941172336,59127,59879,0.666387
1747156941272336,57005,57094,0.667279
1747156941372336,59123,58448,0.668171
1747156941472336,62389,61958,0.669064
1747156941572336,62523,62793,0.669958
1747156941672336,59697,60238,0.670855
1747156941772336,57022,57246,0.671752
1747156941872336,58330,57873,0.672649
1747156941972336,62069,61551,0.673549
1747156942072336,62867,62863,0.674449
1747156942172336,60117,60681,0.675353
1747156942272336,57093,57380,0.676253
1747156942372336,58049,57644,0.677159
1747156942472336,61830,61252,0.678065
1747156942572336,62938,62863,0.67897
1747156942672336,59996,60572,0.679878
1747156942772336,57154,57451,0.680786
1747156942872336,57912,57543,0.681697
1747156942972336,61709,61111,0.682608
1747156943072336,62959,62908,0.683521
1747156943172336,60077,60646,0.684437
1747156943272336,57506,57659,0.68535
1747156943372336,58186,57804,0.686258
1747156943472336,61726,61148,0.687176
1747156943572336,62951,62902,0.688094
1747156943672336,59989,60575,0.689014
1747156943772336,57267,57660,0.689936
1747156943872336,58312,57953,0.690858
1747156943972336,61879,61152,0.691782
1747156944072336,62784,62839,0.692707
1747156944172336,59733,60303,0.693633
1747156944272336,57160,57412,0.69456
1747156944372336,58593,58169,0.695489
1747156944472336,61859,61091,0.696419
1747156944572336,62612,62810,0.69735
1747156944672336,59689,59923,0.698283
1747156944772336,57045,57317,0.699216
1747156944872336,59049,58563,0.700151
1747156944972336,62243,61717,0.701087
1747156945072336,62287,62668,0.702024
1747156945172336,59102,59870,0.702962
1747156945272336,57041,57102,0.703902
1747156945372336,59706,59091,0.704843
1747156945472336,62648,62279,0.705787
1747156945572336,61742,62229,0.706729
1747156945672336,58401,59094,0.707674
1747156945772336,57282,57127,0.708621
1747156945872336,59764,59598,0.709568
1747156945972336,62993,62805,0.710517
1747156946072336,60926,61499,0.711467
1747156946172336,57690,58151,0.712419
1747156946272336,57842,57431,0.713371
1747156946372336,61150,60386,0.714324
1747156946472336,62876,62842,0.715279
1747156946572336,59845,60659,0.716236
1747156946672336,57049,57324,0.717193
1747156946772336,58793,58321,0.718152
1747156946872336,62139,61584,0.719113
1747156946972336,62291,62664,0.720075
1747156947072336,58992,59845,0.721037
1747156947172336,57096,57107,0.722001
1747156947272336,59700,59426,0.722966
1747156947372336,62850,62583,0.723933
1747156947472336,61158,61710,0.724901
1747156947572336,57794,58336,0.72587
1747156947672336,57809,57408,0.726841
1747156947772336,60805,60178,0.727814
1747156947872336,62828,62871,0.728786
1747156947972336,59998,60753,0.72976
1747156948072336,57005,57200,0.730736
1747156948172336,59226,58672,0.731713
1747156948272336,62487,62041,0.732691
1747156948372336,61812,62283,0.733671
1747156948472336,58319,59082,0.734655
1747156948572336,57433,57165,0.735635
1747156948672336,60655,59879,0.736618
1747156948772336,62953,62836,0.737603
1747156948872336,60010,60718,0.738589
1747156948972336,57154,57472,0.739576
1747156949072336,58949,58426,0.740565
1747156949172336,62350,61721,0.741555
1747156949272336,61934,62395,0.74255
1747156949372336,58774,59011,0.74354
1747156949472336,57421,57168,0.744534
1747156949572336,61092,60434,0.745529
1747156949672336,62992,62833,0.746526
1747156949772336,59836,60518,0.747524
1747156949872336,57087,57451,0.748524
1747156949972336,59248,58681,0.749528
1747156950072336,62317,62169,0.75053
1747156950172336,61573,62093,0.751531
1747156950272336,57700,58255,0.752535
1747156950372336,57503,57178,0.753541
1747156950472336,61670,60972,0.754551
1747156950572336,62857,62871,0.755558
1747156950672336,59062,59785,0.756568
1747156950772336,57051,57088,0.757581
1747156950872336,60165,59452,0.758592
1747156950972336,62992,62757,0.759606
1747156951072336,61007,61622,0.760622
1747156951172336,57152,57565,0.761639
1747156951272336,58723,58233,0.762658
1747156951372336,62546,62060,0.763677
1747156951472336,61864,62493,0.7647
1747156951572336,57873,58546,0.765721
1747156951672336,57663,57278,0.766745
1747156951772336,61236,60450,0.767769
1747156951872336,62678,62830,0.768796
1747156951972336,59349,60167,0.769824
1747156952072336,57105,57081,0.770853
1747156952172336,60067,59781,0.771884
1747156952272336,62992,62855,0.772916
1747156952372336,60043,60754,0.77395
1747156952472336,57094,57380,0.774984
1747156952572336,59436,58825,0.77602
1747156952672336,62526,62409,0.777058
1747156952772336,62954,62911,0.778101
1747156952872336,57274,59560,0.779138
1747156952972336,58171,57718,0.78018
1747156953072336,62512,61816,0.781222
1747156953172336,61813,62330,0.782267
1747156953272336,58058,58840,0.783315
1747156953372336,57889,57449,0.78436
1747156953472336,61636,60713,0.785409
1747156953572336,62354,62696,0.786459
1747156953672336,59087,59344,0.787511
1747156953772336,57456,57196,0.788564
1747156953872336,61455,60715,0.789618
1747156953972336,62860,62885,0.790674
1747156954072336,58797,59583,0.791731
1747156954172336,57070,57109,0.79279
1747156954272336,60968,60167,0.79385
1747156954374336,62971,62841,0.794933
1747156954472336,59239,60026,0.795976
1747156954572336,57075,57095,0.797039
1747156954672336,60120,59384,0.798103
1747156954772336,62958,62885,0.799171
1747156954872336,60033,60890,0.80024
1747156954972336,57022,57072,0.801309
1747156955072336,60308,59532,0.802381
1747156955172336,62988,62822,0.803454
1747156955272336,59775,60548,0.804529
1747156955372336,57012,57334,0.805604
1747156955472336,60170,59394,0.806681
1747156955572336,62995,62802,0.807759
1747156955672336,59851,60624,0.808839
1747156955772336,58507,58559,0.810701
1747156955872336,60161,58735,0.811004
1747156955972336,62985,62731,0.812088
1747156956072336,59789,60577,0.813179
1747156956172336,57009,57158,0.814262
1747156956272336,60286,59493,0.81535
1747156956372336,62980,62851,0.81644
1747156956472336,60077,60874,0.817532
1747156956572336,57036,57056,0.818625
1747156956672336,60544,59021,0.819719
1747156956772336,62932,62914,0.820818
1747156956872336,59275,60095,0.821913
1747156956972336,57020,57089,0.823012
1747156957072336,60930,60082,0.824112
1747156957172336,62943,62877,0.825214
1747156957272336,58839,59718,0.826317
1747156957372336,57021,57109,0.827422
1747156957472336,61417,60583,0.828528
1747156957572336,62566,62806,0.829639
1747156957672336,58734,59723,0.830745
1747156957772336,57621,57283,0.831857
1747156957872336,61573,60486,0.832968
1747156957972336,62135,62556,0.834082
1747156958072336,57757,58590,0.835198
1747156958172336,58166,57634,0.836314
1747156958272336,62500,61713,0.837434
1747156958372336,61875,62422,0.838543
1747156958472336,57278,58286,0.839663
1747156958572336,58512,57924,0.840786
1747156958672336,62890,62088,0.84191
1747156958772336,62923,62845,0.844668
1747156958872336,62923,62914,0.84467
1747156958972336,59990,61505,0.845292
1747156959072336,62987,62978,0.846424
1747156959172336,59434,60393,0.847555
1747156959272336,57126,57068,0.848686
1747156959372336,61153,60257,0.849822
1747156959472336,62629,62851,0.850957
1747156959572336,58278,59270,0.852095
1747156959672336,57752,57331,0.853234
1747156959772336,61866,60795,0.854377
1747156959872336,61724,62292,0.855531
1747156959972336,57630,58625,0.856672
1747156960072336,58926,58273,0.857818
1747156960172336,62753,62380,0.858965
1747156960272336,60822,61636,0.860113
1747156960372336,57000,57417,0.861263
1747156960472336,59973,59112,0.862414
1747156960572336,62864,62940,0.863556
1747156960672336,59191,60464,0.864713
1747156960772336,57507,57190,0.865868
1747156960872336,62019,60955,0.867025
1747156960972336,61887,62435,0.868184
1747156961072336,57404,58389,0.869345
1747156961172336,58453,57808,0.870507
1747156961272336,62935,62081,0.871673
1747156961372336,60644,61608,0.872836
1747156961472336,57022,57292,0.874003
1747156961572336,60357,59889,0.875172
1747156961672336,62872,62967,0.876342
1747156961772336,61646,61688,0.88006
1747156961872336,61646,61664,0.880061
1747156961972336,61646,61647,0.880062
1747156962072336,61115,61917,0.88104
1747156962172336,57043,57812,0.882217
1747156962272336,59994,59143,0.883396
1747156962372336,62999,62860,0.884577
1747156962472336,58858,59901,0.88576
1747156962572336,57253,57104,0.886944
1747156962672336,62145,60957,0.88813
1747156962772336,62038,62270,0.88932
1747156962872336,57421,58713,0.890508
1747156962972336,59564,58802,0.891697
1747156963072336,62982,62623,0.892889
1747156963172336,59140,60207,0.894083
1747156963272336,57386,57137,0.895278
1747156963372336,62020,60933,0.896475
1747156963472336,61700,62322,0.897674
1747156963572336,57442,58663,0.898877
1747156963672336,59597,58800,0.900077
1747156963772336,62990,62663,0.90128
1747156963872336,58986,60090,0.902485
1747156963972336,57506,57124,0.903692
1747156964072336,62231,61061,0.9049
1747156964172336,61390,62087,0.90611
1747156964272336,57247,58256,0.907321
1747156964372336,60094,59181,0.908536
1747156964472336,62873,62918,0.909749
1747156964572336,58418,59590,0.910965
1747156964672336,57591,57429,0.912183
1747156964772336,58886,58848,0.916945
1747156964872336,59414,59420,0.91695
1747156964972336,59414,59419,0.916951
1747156965072336,59963,59418,0.917074
1747156965172336,62411,62783,0.918298
1747156965272336,58428,58900,0.919525
1747156965372336,58950,58248,0.920755
1747156965472336,62993,62457,0.921986
1747156965572336,59865,60898,0.923219
1747156965672336,57415,57109,0.924454
1747156965772336,61809,60516,0.92569
1747156965872336,61248,61958,0.926929
1747156965972336,57021,57729,0.928166
1747156966072336,60576,59538,0.929407
1747156966172336,62618,62838,0.93065
1747156966272336,58210,59731,0.931894
1747156966372336,58777,58108,0.933141
1747156966472336,62987,62309,0.934391
1747156966572336,59296,60462,0.935639
1747156966672336,57212,57148,0.93689
1747156966772336,61963,60605,0.938142
1747156966872336,60959,61730,0.939395
1747156966972336,57045,57752,0.940652
1747156967072336,61065,59935,0.941909
1747156967172336,62603,62800,0.943168
1747156967272336,57375,58939,0.944429
1747156967372336,59552,58726,0.945694
1747156967472336,62999,62548,0.946957
1747156967572336,58375,59662,0.948222
1747156967672336,57794,57331,0.949491
1747156967772336,59850,59814,0.955364
1747156967872336,59850,59822,0.955366
1747156967972336,59850,59857,0.955367
1747156968072336,59850,59856,0.955367
1747156968172336,60941,60752,0.955855
1747156968272336,57025,57441,0.957134
1747156968372336,60775,59626,0.958414
1747156968472336,61979,62501,0.959694
1747156968572336,57396,58657,0.960978
1747156968672336,60230,59256,0.962263
1747156968772336,62880,62885,0.963549
1747156968872336,57670,59186,0.964838
1747156968972336,58146,57911,0.966127
1747156969072336,62995,61841,0.967419
1747156969172336,58404,59728,0.968712
1747156969272336,57874,57357,0.970008
1747156969372336,62959,61597,0.971305
1747156969472336,60405,60739,0.972604
1747156969572336,57696,57258,0.973906
1747156969672336,62715,61394,0.975207
1747156969772336,60602,61522,0.97651
1747156969872336,57287,57277,0.977815
1747156969972336,61900,60354,0.979123
1747156970072336,60697,61548,0.980433
1747156970172336,57052,57315,0.981743
1747156970272336,61871,60540,0.983056
1747156970372336,61268,62028,0.984371
1747156970472336,57046,58161,0.985687
1747156970572336,61419,60123,0.987004
1747156970672336,62175,62648,0.988323
1747156970772336,59984,60091,0.99538
1747156970872336,59984,60031,0.995382
1747156970972336,59984,59981,0.995382
1747156971072336,59984,59975,0.995383
1747156971172336,59984,59976,0.995383
1747156971272336,62257,61828,0.996279
1747156971372336,57461,58703,0.997611
1747156971472336,60426,59278,0.998944
1747156971572336,62715,62792,1.00028
1747156971672336,57569,59348,1.00162
1747156971772336,60273,59163,1.00296
1747156971872336,62768,62901,1.0043
1747156971972336,57624,59189,1.00564
1747156972072336,60213,59065,1.00698
1747156972172336,62482,62836,1.00833
1747156972272336,57624,58832,1.00968
1747156972372336,59624,58677,1.01103
1747156972472336,62441,62763,1.01238
1747156972572336,57561,59111,1.01374
1747156972672336,60394,59187,1.01509
1747156972772336,62680,62876,1.01645
1747156972872336,57174,58951,1.01781
1747156972972336,60628,59394,1.01917
1747156973072336,62547,62849,1.02053
1747156973172336,57086,58788,1.02189
1747156973272336,60332,59048,1.02326
1747156973372336,61881,62543,1.02463
1747156973472336,57417,58193,1.026
1747156973572336,61358,59920,1.02737
1747156973672336,61493,62166,1.02874
1747156973772336,59627,59648,1.0371
1747156973872336,59627,59648,1.0371
1747156973972336,59627,59635,1.0371
1747156974072336,59627,59631,1.0371
1747156974172336,59627,59628,1.0371
1747156974272336,59627,59627,1.03711
1747156974372336,57368,57026,1.0384
1747156974472336,62687,60995,1.03979
1747156974572336,60194,61300,1.04118
1747156974672336,57848,57349,1.04257
1747156974772336,62766,61587,1.04396
1747156974872336,58704,60213,1.04536
1747156974972336,58036,57775,1.04676
1747156975072336,62989,61435,1.04816
1747156975172336,57902,59661,1.04956
1747156975272336,58893,58006,1.05098
1747156975372336,62648,62410,1.05238
1747156975472336,57279,59025,1.05379
1747156975572336,60647,59216,1.0552
1747156975672336,61925,62609,1.05661
1747156975772336,57100,58867,1.05801
1747156975872336,61755,60051,1.05942
1747156975972336,61442,62195,1.06084
1747156976072336,57228,57869,1.06226
1747156976172336,62628,60820,1.06368
1747156976272336,59471,60911,1.0651
1747156976372336,58040,57355,1.06652
1747156976472336,62906,61420,1.06795
1747156976572336,58145,59961,1.06938
1747156976672336,58732,57771,1.0708
1747156976772336,61358,61303,1.08054
1747156976872336,61358,61316,1.08054
1747156976972336,61358,61382,1.08054
1747156977072336,61358,61380,1.08055
1747156977172336,61358,61372,1.08055
1747156977272336,61358,61358,1.08055
1747156977372336,59846,61304,1.08087
1747156977472336,57860,57323,1.08231
1747156977572336,62872,61379,1.08376
1747156977672336,58135,60041,1.08521
1747156977772336,58851,57884,1.08666
1747156977872336,62508,62239,1.08811
1747156977972336,57088,58858,1.08957
1747156978072336,60811,59258,1.09103
1747156978172336,60916,61972,1.09248
1747156978272336,57069,57455,1.09394
1747156978372336,62807,60777,1.09541
1747156978472336,60185,60664,1.09687
1747156978572336,58847,57880,1.09834
1747156978672336,62784,62407,1.09981
1747156978772336,57605,59743,1.10128
1747156978872336,61086,59388,1.10275
1747156978972336,61813,62532,1.10422
1747156979072336,57211,58132,1.1057
1747156979172336,62764,60808,1.10718
1747156979272336,58830,60704,1.10866
1747156979372336,58922,57885,1.11014
1747156979472336,62938,62408,1.11163
1747156979572336,57152,59271,1.11311
1747156979672336,60761,59064,1.1146
1747156979772336,62809,62761,1.12581
1747156979872336,62809,62762,1.12582
1747156979972336,62809,62801,1.12582
1747156980072336,62809,62805,1.12582
1747156980172336,62809,62810,1.12582
1747156980272336,62809,62810,1.12582
1747156980372336,62809,62810,1.12582
1747156980472336,62320,61807,1.12658
1747156980572336,59499,61102,1.12808
1747156980672336,57868,57312,1.12959
1747156980772336,62853,61622,1.1311
1747156980872336,57583,59434,1.13262
1747156980972336,61381,59384,1.13413
1747156981072336,61949,62172,1.13565
1747156981172336,57628,58033,1.13717
1747156981272336,62998,61342,1.13869
1747156981372336,58274,60384,1.14021
1747156981472336,60528,58874,1.14173
1747156981572336,62035,62716,1.14326
1747156981672336,57238,58310,1.14479
1747156981772336,62894,60845,1.14632
1747156981872336,58204,60476,1.14785
1747156981972336,59946,58466,1.14938
1747156982072336,62389,62786,1.15092
1747156982172336,57091,58637,1.15246
1747156982272336,62393,60747,1.154
1747156982372336,58478,60611,1.15554
1747156982472336,58958,58298,1.15709
1747156982572336,62506,62510,1.15864
1747156982672336,57062,58768,1.16019
1747156982772336,62347,60134,1.16174
1747156982872336,58484,60669,1.16329
1747156982972336,59005,57782,1.16485
1747156983072336,61923,62178,1.1664
1747156983172336,57106,58302,1.16797
1747156983272336,62495,60147,1.16952
1747156983372336,58216,60510,1.17109
1747156983472336,59372,57922,1.17265
1747156983572336,61555,62289,1.17422
1747156983672336,57007,57997,1.17579
1747156983772336,62970,60660,1.17736
1747156983872336,57734,60236,1.17894
1747156983972336,60080,58461,1.18052
1747156984072336,60841,62103,1.18209
1747156984172336,57318,57523,1.18367
1747156984272336,62959,61018,1.18526
1747156984372336,57222,59547,1.18684
1747156984472336,61774,59524,1.18843
1747156984572336,59740,61479,1.19002
1747156984672336,58036,57322,1.19161
1747156984772336,62500,61713,1.1932
1747156984872336,57066,59076,1.1948
1747156984972336,62665,60184,1.1964
1747156985072336,58379,60756,1.19799
1747156985172336,60157,58419,1.1996
1747156985272336,61331,62410,1.2012
1747156985372336,57169,57887,1.20281
1747156985472336,62985,60806,1.20442
1747156985572336,57640,59723,1.20602
1747156985672336,61868,59567,1.20764
1747156985772336,60251,61368,1.20925
1747156985872336,58378,57433,1.21087
1747156985972336,62124,61921,1.21249
1747156986072336,57002,58496,1.21411
1747156986172336,62958,60789,1.21573
1747156986272336,58827,60158,1.21736
1747156986372336,61365,59169,1.21898
1747156986472336,59959,61717,1.22061
1747156986572336,58046,57396,1.22225
1747156986672336,62331,61682,1.22388
1747156986772336,57001,58880,1.22552
1747156986872336,62937,60659,1.22716
1747156986972336,58859,60197,1.2288
1747156987072336,61514,59184,1.23044
1747156987172336,59777,61652,1.23208
1747156987272336,58254,57438,1.23373
1747156987372336,62079,61841,1.23538
1747156987472336,57021,58471,1.23703
1747156987572336,62999,60821,1.23869
1747156987672336,57257,59884,1.24034
1747156987772336,62056,59569,1.24201
1747156987872336,58940,61203,1.24366
1747156987972336,59104,57773,1.24533
1747156988072336,61202,62057,1.24699
1747156988172336,57373,57751,1.24866
1747156988272336,62757,61005,1.25033
1747156988372336,57087,59068,1.252
1747156988472336,62463,59854,1.25367
1747156988572336,57687,60342,1.25535
1747156988672336,60729,58531,1.25703
1747156988772336,59454,61371,1.25871
1747156988872336,57995,57542,1.26039
1747156988972336,61474,61723,1.26206
1747156989072336,57745,58073,1.26375
1747156989172336,62982,60832,1.26545
1747156989272336,57005,59037,1.26715
1747156989372336,62570,60234,1.26884
1747156989472336,57485,60146,1.27052
1747156989572336,61890,59366,1.27222
1747156989672336,58903,61145,1.27392
1747156989772336,60215,58419,1.27562
1747156989872336,61465,62471,1.27733
1747156989972336,58517,58225,1.27904
1747156990072336,62660,61872,1.28075
1747156990172336,57341,59163,1.28246
1747156990272336,62938,61041,1.28417
1747156990372336,57007,59430,1.28589
1747156990472336,62829,60228,1.28761
1747156990572336,58110,61001,1.28935
1747156990672336,61955,59465,1.29107
1747156990772336,59495,61772,1.2928
1747156990872336,60619,58576,1.29453
1747156990972336,60956,61945,1.29626
1747156991072336,58394,57842,1.29797
1747156991172336,61460,61597,1.29971
1747156991272336,57429,58276,1.30145
1747156991372336,62458,60976,1.30319
1747156991472336,57014,58890,1.30493
1747156991572336,62952,60788,1.30667
1747156991672336,57156,59484,1.30842
1747156991772336,62592,59708,1.31017
1747156991872336,57277,59975,1.31192
1747156991972336,61814,58917,1.31368
1747156992072336,57943,60592,1.31543
1747156992172336,60819,58857,1.31719
1747156992272336,58845,61177,1.31895
1747156992372336,60655,58578,1.32072
1747156992472336,60729,62169,1.32248
1747156992572336,59669,58207,1.32425
1747156992672336,61615,62376,1.32602
1747156992772336,58771,58300,1.32779
1747156992872336,61620,62067,1.32957
1747156992972336,58035,58286,1.33135
1747156993072336,62253,61484,1.33313
1747156993172336,57121,59162,1.33491
1747156993272336,62689,61369,1.33669
1747156993372336,57001,59110,1.33848
1747156993472336,62927,60987,1.34027
1747156993572336,57057,59248,1.34206
1747156993672336,62999,60597,1.34386
1747156993772336,57014,59601,1.34566
1747156993872336,62630,59771,1.34745
1747156993972336,57123,59767,1.34925
1747156994072336,62333,59349,1.35106
1747156994172336,57304,59971,1.35287
1747156994272336,62586,59812,1.35467
1747156994372336,57523,60392,1.35649
1747156994472336,62358,59688,1.3583
1747156994572336,58465,61093,1.36012
1747156994672336,62131,59577,1.36193
1747156994772336,58744,61467,1.36375
1747156994872336,61928,59460,1.36558
1747156994972336,59884,60909,1.3674
1747156995072336,61755,59288,1.36923
1747156995172336,58312,60888,1.37106
1747156995272336,60778,58506,1.3729
1747156995372336,58414,60912,1.37474
1747156995472336,60691,58359,1.37657
1747156995572336,58459,60810,1.37841
1747156995672336,61536,59059,1.38025
1747156995772336,58456,60962,1.3821
1747156995872336,61575,59132,1.38395
1747156995972336,59254,61518,1.3858
1747156996072336,61656,59166,1.38766
1747156996172336,59130,61704,1.38951
1747156996272336,61795,59267,1.39137
1747156996372336,58944,61095,1.39323
1747156996472336,61975,59478,1.39509
1747156996572336,57918,60751,1.39695
1747156996672336,61436,58905,1.39882
1747156996772336,57678,60488,1.40069
1747156996872336,61749,58799,1.40256
1747156996972336,57458,60257,1.40444
1747156997072336,62649,59688,1.40632
1747156997172336,57245,60151,1.4082
1747156997272336,62845,60133,1.41008
1747156997372336,57450,60490,1.41196
1747156997472336,62973,60557,1.41385
1747156997572336,57187,59664,1.41575
1747156997672336,62991,60764,1.41764
1747156997772336,57052,59376,1.41953
1747156997872336,62861,60992,1.42143
1747156997972336,57272,59005,1.42333
1747156998072336,62919,60685,1.42523
1747156998172336,57695,58426,1.42714
1747156998272336,62013,61239,1.42905
1747156998372336,58338,58455,1.43096
1747156998472336,62081,61769,1.43287
1747156998572336,58280,58592,1.43479
1747156998672336,60345,61699,1.4367
1747156998772336,59172,57844,1.43862
1747156998872336,59325,61223,1.44055
1747156998972336,59235,58504,1.44247
1747156999072336,58321,60901,1.44441
1747156999172336,62119,59202,1.44633
